lgcode,share_e_asia,share_gulf,share_oecd_europe,share_oecd_north,share_other,share_s_asia,share_se_asia
10101,0.15254237288135594,0.5508474576271186,0.05084745762711865,0.01694915254237288,0.05084745762711865,0.05084745762711865,0.1271186440677966
10102,0.07913669064748201,0.7482014388489209,0.014388489208633094,0.007194244604316547,0.02877697841726619,0.007194244604316547,0.11510791366906475
10103,0.13953488372093023,0.6550387596899225,0.027131782945736434,0.011627906976744186,0.011627906976744186,0.0,0.15503875968992248
10104,0.23282442748091603,0.5610687022900763,0.04198473282442748,0.007633587786259542,0.007633587786259542,0.003816793893129771,0.1450381679389313
10105,0.13761467889908258,0.6467889908256881,0.04128440366972477,0.013761467889908258,0.022935779816513763,0.013761467889908258,0.12385321100917432
10106,0.15445544554455445,0.6376237623762376,0.05148514851485148,0.031683168316831684,0.027722772277227723,0.005940594059405941,0.09108910891089109
10107,0.0847457627118644,0.8022598870056498,0.026365348399246705,0.003766478342749529,0.013182674199623353,0.0018832391713747645,0.06779661016949153
10108,0.06290672451193059,0.7960954446854663,0.03470715835140998,0.008676789587852495,0.006507592190889371,0.006507592190889371,0.08459869848156182
10109,0.12452830188679245,0.7509433962264151,0.01509433962264151,0.007547169811320755,0.026415094339622643,0.01509433962264151,0.06037735849056604
10201,0.0,0.18181818181818182,0.0,0.0,0.6363636363636364,0.09090909090909091,0.09090909090909091
10202,0.22580645161290322,0.4838709677419355,0.0,0.03225806451612903,0.0967741935483871,0.0,0.16129032258064516
10203,0.04285714285714286,0.5142857142857142,0.08571428571428572,0.014285714285714285,0.07142857142857142,0.11428571428571428,0.15714285714285714
10204,0.14814814814814814,0.7222222222222222,0.046296296296296294,0.009259259259259259,0.009259259259259259,0.009259259259259259,0.05555555555555555
10205,0.018292682926829267,0.926829268292683,0.006097560975609756,0.012195121951219513,0.0,0.024390243902439025,0.012195121951219513
10206,0.16403162055335968,0.642292490118577,0.02766798418972332,0.019762845849802372,0.03162055335968379,0.009881422924901186,0.10474308300395258
10207,0.011673151750972763,0.8793774319066148,0.01556420233463035,0.011673151750972763,0.019455252918287938,0.0038910505836575876,0.058365758754863814
10208,0.03761755485893417,0.8510971786833855,0.01567398119122257,0.012539184952978056,0.012539184952978056,0.003134796238244514,0.06739811912225706
10209,0.023931623931623933,0.8940170940170941,0.008547008547008548,0.013675213675213675,0.006837606837606838,0.017094017094017096,0.035897435897435895
10210,0.032418952618453865,0.827930174563591,0.014962593516209476,0.0024937655860349127,0.06982543640897755,0.012468827930174564,0.0399002493765586
10301,0.14893617021276595,0.03723404255319149,0.14361702127659576,0.5904255319148937,0.06914893617021277,0.0,0.010638297872340425
10302,0.034482758620689655,0.27586206896551724,0.034482758620689655,0.3448275862068966,0.0,0.27586206896551724,0.034482758620689655
10303,0.16129032258064516,0.41935483870967744,0.06451612903225806,0.1935483870967742,0.0967741935483871,0.03225806451612903,0.03225806451612903
10304,0.10144927536231885,0.6231884057971014,0.028985507246376812,0.07246376811594203,0.014492753623188406,0.07246376811594203,0.08695652173913043
10305,0.13071895424836602,0.5555555555555556,0.13071895424836602,0.013071895424836602,0.006535947712418301,0.032679738562091505,0.13071895424836602
10306,0.26666666666666666,0.43703703703703706,0.1111111111111111,0.022222222222222223,0.05185185185185185,0.007407407407407408,0.1037037037037037
10307,0.06576402321083172,0.4796905222437137,0.061895551257253385,0.2514506769825919,0.019342359767891684,0.0425531914893617,0.07930367504835589
10308,0.2,0.13333333333333333,0.3,0.23333333333333334,0.0,0.06666666666666667,0.06666666666666667
10401,0.045454545454545456,0.6590909090909091,0.06818181818181818,0.03409090909090909,0.056818181818181816,0.03409090909090909,0.10227272727272728
10402,0.07692307692307693,0.6102564102564103,0.09230769230769231,0.03076923076923077,0.05897435897435897,0.041025641025641026,0.08974358974358974
10403,0.05434782608695652,0.6304347826086957,0.08695652173913043,0.010869565217391304,0.03260869565217391,0.06521739130434782,0.11956521739130435
10404,0.10476190476190476,0.5428571428571428,0.08571428571428572,0.10476190476190476,0.02857142857142857,0.01904761904761905,0.11428571428571428
10405,0.07142857142857142,0.38095238095238093,0.023809523809523808,0.07142857142857142,0.047619047619047616,0.07142857142857142,0.3333333333333333
10406,0.0,0.9361702127659575,0.0,0.02127659574468085,0.0,0.02127659574468085,0.02127659574468085
10407,0.017937219730941704,0.905829596412556,0.017937219730941704,0.004484304932735426,0.013452914798206279,0.03587443946188341,0.004484304932735426
10408,0.04365079365079365,0.6944444444444444,0.10714285714285714,0.007936507936507936,0.01984126984126984,0.003968253968253968,0.12301587301587301
10501,0.09473684210526316,0.7157894736842105,0.05263157894736842,0.005263157894736842,0.021052631578947368,0.007894736842105263,0.10263157894736842
10502,0.054945054945054944,0.8373626373626374,0.015384615384615385,0.017582417582417582,0.02197802197802198,0.0,0.05274725274725275
10503,0.016129032258064516,0.875,0.03225806451612903,0.004032258064516129,0.016129032258064516,0.0,0.056451612903225805
10504,0.04050632911392405,0.8708860759493671,0.017721518987341773,0.002531645569620253,0.02278481012658228,0.007594936708860759,0.0379746835443038
10505,0.06833333333333333,0.8188888888888889,0.024444444444444446,0.0038888888888888888,0.015,0.0033333333333333335,0.0661111111111111
10506,0.053061224489795916,0.7591836734693878,0.044897959183673466,0.0,0.0326530612244898,0.012244897959183673,0.09795918367346938
10507,0.06810035842293907,0.8100358422939068,0.025089605734767026,0.007168458781362007,0.017921146953405017,0.0035842293906810036,0.06810035842293907
10508,0.14018691588785046,0.6728971962616822,0.04205607476635514,0.04205607476635514,0.004672897196261682,0.03271028037383177,0.06542056074766354
10509,0.10810810810810811,0.6486486486486487,0.08783783783783784,0.0,0.013513513513513514,0.006756756756756757,0.13513513513513514
10510,0.022988505747126436,0.7586206896551724,0.0,0.0,0.10344827586206896,0.05747126436781609,0.05747126436781609
10601,0.05066079295154185,0.7929515418502202,0.037444933920704845,0.013215859030837005,0.024229074889867842,0.019823788546255508,0.06167400881057269
10602,0.025510204081632654,0.7142857142857143,0.030612244897959183,0.01020408163265306,0.05102040816326531,0.07142857142857142,0.09693877551020408
10603,0.12244897959183673,0.7006802721088435,0.047619047619047616,0.02040816326530612,0.04081632653061224,0.003401360544217687,0.06462585034013606
10604,0.11748633879781421,0.6502732240437158,0.06284153005464481,0.01366120218579235,0.040983606557377046,0.01639344262295082,0.09836065573770492
10605,0.029166666666666667,0.8166666666666667,0.0125,0.020833333333333332,0.020833333333333332,0.004166666666666667,0.09583333333333334
10606,0.08536585365853659,0.7804878048780488,0.03048780487804878,0.03048780487804878,0.006097560975609756,0.018292682926829267,0.04878048780487805
10607,0.1839080459770115,0.5747126436781609,0.09195402298850575,0.011494252873563218,0.011494252873563218,0.034482758620689655,0.09195402298850575
10608,0.0859375,0.625,0.0390625,0.0078125,0.0546875,0.015625,0.171875
10609,0.14457831325301204,0.7590361445783133,0.024096385542168676,0.024096385542168676,0.024096385542168676,0.012048192771084338,0.012048192771084338
10701,0.007614213197969543,0.8908629441624365,0.012690355329949238,0.012690355329949238,0.017766497461928935,0.0025380710659898475,0.05583756345177665
10702,0.04946996466431095,0.8763250883392226,0.014134275618374558,0.0,0.024734982332155476,0.01060070671378092,0.024734982332155476
10703,0.018115942028985508,0.7898550724637681,0.036231884057971016,0.0036231884057971015,0.025362318840579712,0.0,0.12681159420289856
10704,0.07407407407407407,0.7663817663817664,0.022792022792022793,0.05982905982905983,0.03418803418803419,0.005698005698005698,0.037037037037037035
10705,0.16666666666666666,0.7,0.011111111111111112,0.0,0.022222222222222223,0.03333333333333333,0.06666666666666667
10706,0.07557117750439367,0.8172231985940246,0.012302284710017574,0.0035149384885764497,0.01054481546572935,0.0035149384885764497,0.0773286467486819
10707,0.03614457831325301,0.8286479250334672,0.01740294511378849,0.004016064257028112,0.008032128514056224,0.004016064257028112,0.10174029451137885
10801,0.06666666666666667,0.7849462365591398,0.03870967741935484,0.004301075268817204,0.015053763440860216,0.008602150537634409,0.08172043010752689
10802,0.10273972602739725,0.6986301369863014,0.05821917808219178,0.003424657534246575,0.02054794520547945,0.0136986301369863,0.10273972602739725
10803,0.11345646437994723,0.7255936675461742,0.04221635883905013,0.010554089709762533,0.013192612137203167,0.018469656992084433,0.07651715039577836
10804,0.11653116531165311,0.7100271002710027,0.051490514905149054,0.02168021680216802,0.032520325203252036,0.0027100271002710027,0.06504065040650407
10805,0.04986149584487535,0.7534626038781164,0.024930747922437674,0.008310249307479225,0.027700831024930747,0.00554016620498615,0.13019390581717452
10806,0.01327433628318584,0.6747787610619469,0.030973451327433628,0.004424778761061947,0.01327433628318584,0.004424778761061947,0.2588495575221239
10901,0.043726235741444866,0.7452471482889734,0.034220532319391636,0.0076045627376425855,0.019011406844106463,0.009505703422053232,0.14068441064638784
10902,0.015558698727015558,0.8967468175388967,0.011315417256011316,0.0,0.02263083451202263,0.0014144271570014145,0.05233380480905234
10903,0.06692913385826772,0.7440944881889764,0.03543307086614173,0.003937007874015748,0.027559055118110236,0.047244094488188976,0.07480314960629922
10904,0.035897435897435895,0.7914529914529914,0.03418803418803419,0.006837606837606838,0.039316239316239315,0.02735042735042735,0.06495726495726496
10905,0.04513064133016627,0.7315914489311164,0.047505938242280284,0.007125890736342043,0.011876484560570071,0.011876484560570071,0.14489311163895488
10906,0.065625,0.81875,0.009375,0.003125,0.009375,0.00625,0.0875
10907,0.003401360544217687,0.8571428571428571,0.013605442176870748,0.0,0.01020408163265306,0.013605442176870748,0.10204081632653061
10908,0.033444816053511704,0.8517279821627648,0.010033444816053512,0.0033444816053511705,0.012263099219620958,0.006688963210702341,0.08249721293199554
11001,0.10588235294117647,0.7411764705882353,0.047058823529411764,0.023529411764705882,0.011764705882352941,0.023529411764705882,0.047058823529411764
11002,0.06382978723404255,0.48936170212765956,0.20212765957446807,0.031914893617021274,0.05319148936170213,0.0,0.1595744680851064
11003,0.07006369426751592,0.5923566878980892,0.09554140127388536,0.050955414012738856,0.025477707006369428,0.050955414012738856,0.11464968152866242
11004,0.01652892561983471,0.7768595041322314,0.045454545454545456,0.024793388429752067,0.01652892561983471,0.024793388429752067,0.09504132231404959
11005,0.017467248908296942,0.8296943231441049,0.03056768558951965,0.0,0.039301310043668124,0.013100436681222707,0.06986899563318777
11006,0.024096385542168676,0.7409638554216867,0.030120481927710843,0.0,0.030120481927710843,0.006024096385542169,0.1686746987951807
11007,0.027227722772277228,0.8663366336633663,0.012376237623762377,0.0049504950495049506,0.012376237623762377,0.0049504950495049506,0.07178217821782178
11008,0.01694915254237288,0.7796610169491526,0.0423728813559322,0.01694915254237288,0.03389830508474576,0.01694915254237288,0.09322033898305085
11009,0.15126050420168066,0.5714285714285714,0.07563025210084033,0.05042016806722689,0.05042016806722689,0.05042016806722689,0.05042016806722689
11010,0.02631578947368421,0.8421052631578947,0.0,0.02631578947368421,0.0,0.02631578947368421,0.07894736842105263
11101,0.05846774193548387,0.7116935483870968,0.038306451612903226,0.05846774193548387,0.038306451612903226,0.024193548387096774,0.07056451612903226
11102,0.037037037037037035,0.7888888888888889,0.014814814814814815,0.07037037037037037,0.040740740740740744,0.007407407407407408,0.040740740740740744
11103,0.07936507936507936,0.6444444444444445,0.0380952380952381,0.08571428571428572,0.047619047619047616,0.047619047619047616,0.05714285714285714
11104,0.04419889502762431,0.7513812154696132,0.03314917127071823,0.06077348066298342,0.03314917127071823,0.0027624309392265192,0.07458563535911603
11105,0.07883211678832117,0.7751824817518248,0.016058394160583942,0.00583941605839416,0.02335766423357664,0.010218978102189781,0.0905109489051095
11106,0.08236808236808237,0.7657657657657657,0.02445302445302445,0.019305019305019305,0.028314028314028315,0.006435006435006435,0.07335907335907337
11107,0.2009966777408638,0.5514950166112956,0.059800664451827246,0.046511627906976744,0.05647840531561462,0.009966777408637873,0.07475083056478406
11108,0.03902439024390244,0.7707317073170732,0.00853658536585366,0.04024390243902439,0.026829268292682926,0.023170731707317073,0.09146341463414634
11109,0.0625,0.8125,0.008928571428571428,0.008928571428571428,0.026785714285714284,0.017857142857142856,0.0625
11110,0.05813953488372093,0.7441860465116279,0.011627906976744186,0.03488372093023256,0.046511627906976744,0.011627906976744186,0.09302325581395349
11111,0.03333333333333333,0.8222222222222222,0.0,0.0,0.025925925925925925,0.05555555555555555,0.06296296296296296
11112,0.10398230088495575,0.5287610619469026,0.10398230088495575,0.06415929203539823,0.10619469026548672,0.015486725663716814,0.07743362831858407
11113,0.03309692671394799,0.8368794326241135,0.009456264775413711,0.009456264775413711,0.014184397163120567,0.009456264775413711,0.08747044917257683
11114,0.06104328523862375,0.7513873473917869,0.03107658157602664,0.049944506104328525,0.029966703662597113,0.017758046614872364,0.058823529411764705
11115,0.03296703296703297,0.7582417582417582,0.0,0.0,0.16483516483516483,0.0,0.04395604395604396
11201,0.019498607242339833,0.8885793871866295,0.004178272980501393,0.001392757660167131,0.027855153203342618,0.009749303621169917,0.04874651810584958
11202,0.019,0.885,0.005,0.008,0.021,0.009,0.053
11203,0.04054054054054054,0.8368725868725869,0.016409266409266408,0.003861003861003861,0.015444015444015444,0.006756756756756757,0.08011583011583012
11204,0.14479025710419485,0.6914749661705006,0.02029769959404601,0.02571041948579161,0.029769959404600813,0.006765899864682003,0.08119079837618404
11205,0.13505154639175257,0.722680412371134,0.024742268041237112,0.013402061855670102,0.04020618556701031,0.007216494845360825,0.05670103092783505
11206,0.11984282907662082,0.7229862475442044,0.0275049115913556,0.0,0.03339882121807466,0.019646365422396856,0.07662082514734773
11207,0.06716981132075471,0.7562264150943396,0.01509433962264151,0.00830188679245283,0.0369811320754717,0.01509433962264151,0.10113207547169811
11208,0.17468944099378883,0.6645962732919255,0.018633540372670808,0.020186335403726708,0.04580745341614907,0.010093167701863354,0.06599378881987578
11209,0.06887755102040816,0.7372448979591837,0.02806122448979592,0.017857142857142856,0.04081632653061224,0.02040816326530612,0.08673469387755102
11210,0.02608695652173913,0.808695652173913,0.043478260869565216,0.017391304347826087,0.06086956521739131,0.0,0.043478260869565216
11211,0.050724637681159424,0.7536231884057971,0.028985507246376812,0.043478260869565216,0.021739130434782608,0.014492753623188406,0.08695652173913043
11212,0.02702702702702703,0.6486486486486487,0.0,0.0,0.2702702702702703,0.0,0.05405405405405406
11213,0.12727272727272726,0.5818181818181818,0.03636363636363636,0.10909090909090909,0.01818181818181818,0.0,0.12727272727272726
11214,0.12650602409638553,0.23493975903614459,0.0823293172690763,0.38755020080321284,0.09236947791164658,0.03815261044176707,0.03815261044176707
11215,0.0,0.6363636363636364,0.0,0.0,0.18181818181818182,0.09090909090909091,0.09090909090909091
11216,0.0,0.782608695652174,0.0,0.0,0.08695652173913043,0.08695652173913043,0.043478260869565216
11217,0.5,0.0,0.0,0.0,0.0,0.5,0.0
11301,0.39658750288217665,0.3006686649757897,0.11344247175466912,0.040811620936130964,0.0860041503343325,0.004611482591653216,0.05787410652524787
11302,0.10034013605442177,0.6887755102040817,0.02040816326530612,0.01870748299319728,0.034013605442176874,0.06462585034013606,0.07312925170068027
11303,0.0,0.6,0.0,0.0,0.2,0.2,0.0
11304,0.05555555555555555,0.8888888888888888,0.0,0.0,0.0,0.037037037037037035,0.018518518518518517
11305,0.1357615894039735,0.6821192052980133,0.04304635761589404,0.026490066225165563,0.046357615894039736,0.0,0.06622516556291391
11306,0.1533203125,0.609375,0.060546875,0.044921875,0.0390625,0.0087890625,0.083984375
11307,0.22916666666666666,0.5,0.10416666666666667,0.14583333333333334,0.0,0.020833333333333332,0.0
11308,0.0,0.7692307692307693,0.07692307692307693,0.07692307692307693,0.0,0.07692307692307693,0.0
11309,0.09259259259259259,0.48148148148148145,0.08333333333333333,0.23148148148148148,0.06481481481481481,0.037037037037037035,0.009259259259259259
11310,0.0,0.9552238805970149,0.0,0.014925373134328358,0.0,0.014925373134328358,0.014925373134328358
11311,0.0,0.2,0.0,0.0,0.8,0.0,0.0
11312,0.125,0.5,0.0,0.125,0.125,0.0,0.125
11401,0.08461538461538462,0.7615384615384615,0.007692307692307693,0.007692307692307693,0.08461538461538462,0.015384615384615385,0.038461538461538464
11402,0.05191256830601093,0.6939890710382514,0.04371584699453552,0.01912568306010929,0.07923497267759563,0.01912568306010929,0.09289617486338798
11403,0.07264957264957266,0.6709401709401709,0.02564102564102564,0.05982905982905983,0.06837606837606838,0.008547008547008548,0.09401709401709402
11404,0.0,0.7857142857142857,0.0,0.0,0.14285714285714285,0.03571428571428571,0.03571428571428571
11405,0.06382978723404255,0.7021276595744681,0.0,0.02127659574468085,0.0425531914893617,0.0425531914893617,0.1276595744680851
11406,0.0,0.8837209302325582,0.0,0.0,0.06976744186046512,0.046511627906976744,0.0
11407,0.11242603550295859,0.6449704142011834,0.07100591715976332,0.023668639053254437,0.03550295857988166,0.05917159763313609,0.05325443786982249
11408,0.041666666666666664,0.8333333333333334,0.0,0.041666666666666664,0.0,0.041666666666666664,0.041666666666666664
20101,0.03225806451612903,0.7419354838709677,0.03225806451612903,0.06451612903225806,0.06451612903225806,0.03225806451612903,0.03225806451612903
20102,0.057692307692307696,0.6538461538461539,0.019230769230769232,0.057692307692307696,0.07692307692307693,0.11538461538461539,0.019230769230769232
20103,0.0,0.95,0.0,0.0,0.0,0.0,0.05
20104,0.0,1.0,0.0,0.0,0.0,0.0,0.0
20105,0.0,1.0,0.0,0.0,0.0,0.0,0.0
20106,0.0,0.9689655172413794,0.0,0.0034482758620689655,0.010344827586206896,0.010344827586206896,0.006896551724137931
20107,0.0,0.881578947368421,0.039473684210526314,0.039473684210526314,0.013157894736842105,0.013157894736842105,0.013157894736842105
20108,0.0,1.0,0.0,0.0,0.0,0.0,0.0
20109,0.0,0.9782608695652174,0.0,0.010869565217391304,0.010869565217391304,0.0,0.0
20110,0.0,0.9577464788732394,0.0,0.0,0.0,0.04225352112676056,0.0
20111,0.0,0.5,0.0,0.5,0.0,0.0,0.0
20112,0.0,0.75,0.0,0.0,0.0,0.25,0.0
20113,0.09722222222222222,0.5555555555555556,0.027777777777777776,0.1527777777777778,0.08333333333333333,0.08333333333333333,0.0
20114,0.0,1.0,0.0,0.0,0.0,0.0,0.0
20115,0.0,1.0,0.0,0.0,0.0,0.0,0.0
20116,0.0,0.5714285714285714,0.0,0.0,0.14285714285714285,0.2857142857142857,0.0
20117,0.125,0.125,0.0,0.125,0.25,0.25,0.125
20118,0.0,0.75,0.0,0.0,0.25,0.0,0.0
20201,0.021505376344086023,0.8602150537634409,0.016129032258064516,0.026881720430107527,0.03763440860215054,0.021505376344086023,0.016129032258064516
20202,0.0,0.8285714285714286,0.0,0.07142857142857142,0.07142857142857142,0.014285714285714285,0.014285714285714285
20203,0.0078125,0.9375,0.0,0.0,0.0078125,0.015625,0.03125
20204,0.0,0.9715099715099715,0.002849002849002849,0.008547008547008548,0.0,0.005698005698005698,0.011396011396011397
20205,0.009433962264150943,0.9339622641509434,0.009433962264150943,0.018867924528301886,0.009433962264150943,0.0,0.018867924528301886
20206,0.0011547344110854503,0.9855658198614319,0.0,0.0005773672055427252,0.008083140877598153,0.0017321016166281756,0.002886836027713626
20207,0.0,0.9827586206896551,0.0,0.0,0.008620689655172414,0.0,0.008620689655172414
20208,0.006825938566552901,0.9726962457337884,0.0,0.0,0.0,0.010238907849829351,0.010238907849829351
20209,0.005405405405405406,0.9675675675675676,0.0,0.0,0.016216216216216217,0.010810810810810811,0.0
20210,0.015873015873015872,0.9285714285714286,0.007936507936507936,0.023809523809523808,0.015873015873015872,0.0,0.007936507936507936
20211,0.0,1.0,0.0,0.0,0.0,0.0,0.0
20212,0.0,0.9886363636363636,0.0,0.0,0.0,0.0,0.011363636363636364
20213,0.2916666666666667,0.6666666666666666,0.0,0.0,0.041666666666666664,0.0,0.0
20214,0.0,0.95,0.0,0.0,0.0,0.05,0.0
20215,0.0,1.0,0.0,0.0,0.0,0.0,0.0
20216,0.02564102564102564,0.8974358974358975,0.0,0.038461538461538464,0.01282051282051282,0.02564102564102564,0.0
20217,0.006741573033707865,0.951123595505618,0.0011235955056179776,0.0056179775280898875,0.006741573033707865,0.0022471910112359553,0.026404494382022473
20301,0.0,0.9835390946502057,0.0,0.006172839506172839,0.00205761316872428,0.006172839506172839,0.00205761316872428
20302,0.012711864406779662,0.9491525423728814,0.00423728813559322,0.01694915254237288,0.00423728813559322,0.012711864406779662,0.0
20303,0.044444444444444446,0.7777777777777778,0.08888888888888889,0.022222222222222223,0.022222222222222223,0.022222222222222223,0.022222222222222223
20304,0.0,0.9487179487179487,0.0,0.0,0.02564102564102564,0.0,0.02564102564102564
20305,0.0,0.9452054794520548,0.0,0.0,0.0136986301369863,0.0045662100456621,0.0365296803652968
20306,0.0035971223021582736,0.9280575539568345,0.0035971223021582736,0.0,0.0035971223021582736,0.01079136690647482,0.050359712230215826
20307,0.009146341463414634,0.9146341463414634,0.003048780487804878,0.012195121951219513,0.003048780487804878,0.021341463414634148,0.036585365853658534
20308,0.0,0.975609756097561,0.0,0.007317073170731708,0.004878048780487805,0.004878048780487805,0.007317073170731708
20309,0.001610305958132045,0.9806763285024155,0.0008051529790660225,0.00322061191626409,0.0008051529790660225,0.004025764895330112,0.008856682769726247
20310,0.0,0.9741784037558685,0.0,0.002347417840375587,0.002347417840375587,0.002347417840375587,0.018779342723004695
20311,0.0030441400304414,0.9497716894977168,0.0015220700152207,0.0,0.0121765601217656,0.0045662100456621,0.0289193302891933
20312,0.0040650406504065045,0.9898373983739838,0.0,0.0020325203252032522,0.0040650406504065045,0.0,0.0
20313,0.0,0.9778270509977827,0.0,0.0,0.0022172949002217295,0.0022172949002217295,0.017738359201773836
20314,0.008522727272727272,0.9630681818181818,0.0,0.014204545454545454,0.002840909090909091,0.0,0.011363636363636364
20315,0.02346805736636245,0.8018252933507171,0.014341590612777053,0.06258148631029987,0.04302477183833116,0.04432855280312908,0.010430247718383311
20316,0.0,0.9712918660287081,0.0,0.0,0.004784688995215311,0.0,0.023923444976076555
20317,0.0,0.9307692307692308,0.0,0.015384615384615385,0.023076923076923078,0.015384615384615385,0.015384615384615385
20318,0.0,0.8,0.0,0.15,0.05,0.0,0.0
20401,0.02040816326530612,0.5714285714285714,0.0,0.14285714285714285,0.12244897959183673,0.10204081632653061,0.04081632653061224
20402,0.04,0.76,0.08,0.08,0.0,0.04,0.0
20403,0.0,0.6666666666666666,0.0,0.0,0.0,0.2,0.13333333333333333
20404,0.0625,0.3958333333333333,0.0,0.0625,0.020833333333333332,0.4375,0.020833333333333332
20405,0.031007751937984496,0.9069767441860465,0.0,0.015503875968992248,0.023255813953488372,0.007751937984496124,0.015503875968992248
20406,0.0,0.9827856025039123,0.0,0.0,0.0,0.00782472613458529,0.009389671361502348
20407,0.011406844106463879,0.9277566539923955,0.0038022813688212928,0.0038022813688212928,0.011406844106463879,0.0076045627376425855,0.034220532319391636
20408,0.0,0.8805970149253731,0.0,0.0,0.029850746268656716,0.014925373134328358,0.07462686567164178
20409,0.0,0.9090909090909091,0.0,0.09090909090909091,0.0,0.0,0.0
20410,0.0,0.8114754098360656,0.01639344262295082,0.03278688524590164,0.09016393442622951,0.040983606557377046,0.00819672131147541
20411,0.0,0.9166666666666666,0.0,0.020833333333333332,0.020833333333333332,0.020833333333333332,0.020833333333333332
20412,0.019417475728155338,0.9320388349514563,0.0,0.0,0.02912621359223301,0.019417475728155338,0.0
20413,0.0032258064516129032,0.9741935483870968,0.0,0.0,0.012903225806451613,0.0,0.00967741935483871
20414,0.0,0.9570815450643777,0.0,0.0,0.008583690987124463,0.004291845493562232,0.030042918454935622
20415,0.011560693641618497,0.8786127167630058,0.0,0.011560693641618497,0.057803468208092484,0.023121387283236993,0.017341040462427744
20501,0.16666666666666666,0.7444444444444445,0.011111111111111112,0.022222222222222223,0.03333333333333333,0.011111111111111112,0.011111111111111112
20502,0.056818181818181816,0.6477272727272727,0.056818181818181816,0.056818181818181816,0.10227272727272728,0.022727272727272728,0.056818181818181816
20503,0.0,0.7796610169491526,0.06779661016949153,0.03389830508474576,0.01694915254237288,0.0,0.1016949152542373
20504,0.08571428571428572,0.4857142857142857,0.08571428571428572,0.14285714285714285,0.14285714285714285,0.05714285714285714,0.0
20505,0.16666666666666666,0.6666666666666666,0.05555555555555555,0.0,0.0,0.05555555555555555,0.05555555555555555
20506,0.0594059405940594,0.48514851485148514,0.039603960396039604,0.09900990099009901,0.2376237623762376,0.039603960396039604,0.039603960396039604
20507,0.1111111111111111,0.5555555555555556,0.0,0.0,0.1111111111111111,0.2222222222222222,0.0
20508,0.0,0.8333333333333334,0.0,0.0,0.0,0.16666666666666666,0.0
20509,0.0,1.0,0.0,0.0,0.0,0.0,0.0
20510,0.0,0.0,0.0,0.0,0.0,1.0,0.0
20511,0.0,0.6923076923076923,0.0,0.07692307692307693,0.15384615384615385,0.07692307692307693,0.0
20512,0.125,0.5,0.125,0.0,0.125,0.125,0.0
20513,0.25,0.0,0.0,0.5,0.0,0.0,0.25
20514,0.0,1.0,0.0,0.0,0.0,0.0,0.0
20515,0.0,0.0,0.0,0.0,1.0,0.0,0.0
20516,0.14285714285714285,0.0,0.0,0.2857142857142857,0.2857142857142857,0.14285714285714285,0.14285714285714285
20517,0.0,0.0,0.0,0.5,0.125,0.375,0.0
20518,0.0,0.0,0.5,0.0,0.5,0.0,0.0
20519,0.13636363636363635,0.7272727272727273,0.0,0.045454545454545456,0.0,0.09090909090909091,0.0
20520,0.0,0.7865168539325843,0.0449438202247191,0.011235955056179775,0.07865168539325842,0.056179775280898875,0.02247191011235955
20601,0.13953488372093023,0.5581395348837209,0.046511627906976744,0.11627906976744186,0.046511627906976744,0.046511627906976744,0.046511627906976744
20602,0.0,0.8947368421052632,0.0,0.0,0.05263157894736842,0.0,0.05263157894736842
20603,0.0,1.0,0.0,0.0,0.0,0.0,0.0
20604,0.0,0.6666666666666666,0.0,0.0,0.0,0.3333333333333333,0.0
20605,0.0,0.6666666666666666,0.0,0.3333333333333333,0.0,0.0,0.0
20606,0.3333333333333333,0.6666666666666666,0.0,0.0,0.0,0.0,0.0
20607,0.0,0.8,0.0,0.1,0.1,0.0,0.0
20608,0.0,0.9333333333333333,0.0,0.0,0.0,0.06666666666666667,0.0
20609,0.0,0.6666666666666666,0.0,0.0,0.0,0.3333333333333333,0.0
20610,0.0,0.75,0.0,0.0,0.0,0.25,0.0
20611,0.0,0.8333333333333334,0.16666666666666666,0.0,0.0,0.0,0.0
20612,0.0,0.6666666666666666,0.047619047619047616,0.0,0.14285714285714285,0.14285714285714285,0.0
20613,0.14285714285714285,0.2857142857142857,0.0,0.0,0.14285714285714285,0.42857142857142855,0.0
20614,0.0,1.0,0.0,0.0,0.0,0.0,0.0
20615,0.0,0.8571428571428571,0.047619047619047616,0.0,0.0,0.0,0.09523809523809523
20616,0.0,0.4,0.0,0.3,0.25,0.05,0.0
20617,0.11764705882352941,0.11764705882352941,0.0,0.35294117647058826,0.11764705882352941,0.29411764705882354,0.0
20618,0.1111111111111111,0.6666666666666666,0.0,0.0,0.1111111111111111,0.1111111111111111,0.0
20701,0.0,0.7142857142857143,0.05714285714285714,0.08571428571428572,0.08571428571428572,0.02857142857142857,0.02857142857142857
20702,0.1016949152542373,0.5932203389830508,0.03389830508474576,0.13559322033898305,0.05084745762711865,0.03389830508474576,0.05084745762711865
20703,0.019704433497536946,0.8226600985221675,0.019704433497536946,0.019704433497536946,0.06403940886699508,0.0,0.054187192118226604
20704,0.0,0.6666666666666666,0.0,0.0,0.16666666666666666,0.16666666666666666,0.0
20705,0.0,0.7142857142857143,0.0,0.0,0.14285714285714285,0.14285714285714285,0.0
20706,0.0,1.0,0.0,0.0,0.0,0.0,0.0
20707,0.0,0.8181818181818182,0.0,0.0,0.09090909090909091,0.09090909090909091,0.0
20708,0.01818181818181818,0.6363636363636364,0.02727272727272727,0.16363636363636364,0.08181818181818182,0.06363636363636363,0.00909090909090909
20709,0.0,1.0,0.0,0.0,0.0,0.0,0.0
20711,0.0,0.5,0.0,0.0,0.5,0.0,0.0
20712,0.0,0.9411764705882353,0.0,0.0,0.058823529411764705,0.0,0.0
20713,0.0,1.0,0.0,0.0,0.0,0.0,0.0
20714,0.0,0.3333333333333333,0.0,0.16666666666666666,0.25,0.08333333333333333,0.16666666666666666
20715,0.0,0.5,0.0,0.5,0.0,0.0,0.0
20801,0.045454545454545456,0.7727272727272727,0.015151515151515152,0.0,0.0,0.06060606060606061,0.10606060606060606
20802,0.0,0.5,0.0,0.0,0.0,0.5,0.0
20803,0.0,0.5,0.0,0.0,0.5,0.0,0.0
20804,0.0,0.9166666666666666,0.0,0.041666666666666664,0.0,0.0,0.041666666666666664
20805,0.2,0.8,0.0,0.0,0.0,0.0,0.0
20806,0.0,0.8461538461538461,0.02564102564102564,0.0,0.02564102564102564,0.02564102564102564,0.07692307692307693
20807,0.059113300492610835,0.42857142857142855,0.06896551724137931,0.21674876847290642,0.11822660098522167,0.09359605911330049,0.014778325123152709
20808,0.0,0.9090909090909091,0.0,0.0,0.09090909090909091,0.0,0.0
20809,0.25,0.5,0.0,0.0,0.25,0.0,0.0
20810,0.08333333333333333,0.16666666666666666,0.0,0.0,0.75,0.0,0.0
20811,0.0,0.5,0.0,0.0,0.0,0.5,0.0
20812,0.0,0.6666666666666666,0.0,0.0,0.0,0.3333333333333333,0.0
20813,0.0,0.3333333333333333,0.0,0.6666666666666666,0.0,0.0,0.0
30101,0.07692307692307693,0.4358974358974359,0.05128205128205128,0.07692307692307693,0.07692307692307693,0.23076923076923078,0.05128205128205128
30102,0.45454545454545453,0.4090909090909091,0.0,0.0,0.045454545454545456,0.045454545454545456,0.045454545454545456
30103,0.0,0.6,0.2,0.1,0.0,0.1,0.0
30104,0.0,0.6363636363636364,0.0,0.09090909090909091,0.09090909090909091,0.18181818181818182,0.0
30105,0.025423728813559324,0.7288135593220338,0.06779661016949153,0.03389830508474576,0.01694915254237288,0.025423728813559324,0.1016949152542373
30106,0.05,0.65,0.2,0.0,0.0,0.0,0.1
30107,0.0,0.6,0.0,0.2,0.0,0.1,0.1
30108,0.0,0.7333333333333333,0.06666666666666667,0.0,0.0,0.2,0.0
30109,0.15,0.5333333333333333,0.03333333333333333,0.06666666666666667,0.08333333333333333,0.13333333333333333,0.0
30201,0.38596491228070173,0.21052631578947367,0.0,0.17543859649122806,0.07017543859649122,0.03508771929824561,0.12280701754385964
30202,0.0,0.8333333333333334,0.0,0.0,0.05555555555555555,0.0,0.1111111111111111
30203,0.05128205128205128,0.5,0.0641025641025641,0.08974358974358974,0.02564102564102564,0.24358974358974358,0.02564102564102564
30204,0.24193548387096775,0.25806451612903225,0.03225806451612903,0.20161290322580644,0.12096774193548387,0.0967741935483871,0.04838709677419355
30205,0.08333333333333333,0.3333333333333333,0.013888888888888888,0.027777777777777776,0.3194444444444444,0.2222222222222222,0.0
30206,0.012048192771084338,0.7469879518072289,0.0,0.024096385542168676,0.13253012048192772,0.08433734939759036,0.0
30207,0.04716981132075472,0.8207547169811321,0.03773584905660377,0.018867924528301886,0.04716981132075472,0.009433962264150943,0.018867924528301886
30208,0.08,0.68,0.04,0.04,0.0,0.12,0.04
30209,0.2708333333333333,0.4166666666666667,0.020833333333333332,0.1875,0.0,0.041666666666666664,0.0625
30210,0.043478260869565216,0.5652173913043478,0.0,0.13043478260869565,0.043478260869565216,0.08695652173913043,0.13043478260869565
30211,0.041237113402061855,0.7010309278350515,0.030927835051546393,0.041237113402061855,0.020618556701030927,0.020618556701030927,0.14432989690721648
30212,0.2,0.3,0.05,0.1,0.3,0.0,0.05
30301,0.06896551724137931,0.5862068965517241,0.13793103448275862,0.10344827586206896,0.10344827586206896,0.0,0.0
30302,0.0,0.6,0.0,0.0,0.4,0.0,0.0
30303,0.2727272727272727,0.5454545454545454,0.0,0.09090909090909091,0.09090909090909091,0.0,0.0
30304,0.0,0.5,0.0,0.0,0.375,0.125,0.0
30305,0.058823529411764705,0.5882352941176471,0.0,0.058823529411764705,0.0,0.29411764705882354,0.0
30401,0.009900990099009901,0.9504950495049505,0.0165016501650165,0.0,0.013201320132013201,0.0,0.009900990099009901
30402,0.006993006993006993,0.6899766899766899,0.016317016317016316,0.0,0.04895104895104895,0.018648018648018648,0.2191142191142191
30403,0.018691588785046728,0.8551401869158879,0.0397196261682243,0.007009345794392523,0.02102803738317757,0.004672897196261682,0.053738317757009345
30404,0.05982905982905983,0.7094017094017094,0.07692307692307693,0.008547008547008548,0.06837606837606838,0.02564102564102564,0.05128205128205128
30405,0.0060790273556231,0.8601823708206687,0.00911854103343465,0.00303951367781155,0.02735562310030395,0.00911854103343465,0.0851063829787234
30406,0.04411764705882353,0.6176470588235294,0.058823529411764705,0.05514705882352941,0.03676470588235294,0.022058823529411766,0.16544117647058823
30407,0.038834951456310676,0.7281553398058253,0.04854368932038835,0.0,0.06796116504854369,0.038834951456310676,0.07766990291262135
30408,0.037037037037037035,0.7962962962962963,0.0,0.018518518518518517,0.07407407407407407,0.05555555555555555,0.018518518518518517
30409,0.04878048780487805,0.6341463414634146,0.07317073170731707,0.04878048780487805,0.0975609756097561,0.024390243902439025,0.07317073170731707
30410,0.16666666666666666,0.4166666666666667,0.1388888888888889,0.08333333333333333,0.1388888888888889,0.05555555555555555,0.0
30411,0.0,0.6,0.1,0.1,0.0,0.1,0.1
30412,0.1951219512195122,0.3902439024390244,0.04878048780487805,0.21951219512195122,0.024390243902439025,0.024390243902439025,0.0975609756097561
30413,0.0975609756097561,0.43902439024390244,0.0975609756097561,0.07317073170731707,0.04878048780487805,0.024390243902439025,0.21951219512195122
30501,0.08,0.24,0.08,0.24,0.0,0.36,0.0
30502,0.15151515151515152,0.5454545454545454,0.0,0.18181818181818182,0.0,0.09090909090909091,0.030303030303030304
30503,0.13636363636363635,0.5454545454545454,0.045454545454545456,0.045454545454545456,0.0,0.09090909090909091,0.13636363636363635
30504,0.05,0.6821428571428572,0.060714285714285714,0.05714285714285714,0.05357142857142857,0.010714285714285714,0.08571428571428572
30505,0.014388489208633094,0.8561151079136691,0.0,0.007194244604316547,0.03597122302158273,0.0,0.08633093525179857
30506,0.003929273084479371,0.8585461689587426,0.003929273084479371,0.003929273084479371,0.023575638506876228,0.0,0.10609037328094302
30507,0.03508771929824561,0.7192982456140351,0.05263157894736842,0.03508771929824561,0.03508771929824561,0.03508771929824561,0.08771929824561403
30508,0.21951219512195122,0.34146341463414637,0.07317073170731707,0.024390243902439025,0.2682926829268293,0.024390243902439025,0.04878048780487805
30509,0.08333333333333333,0.625,0.0,0.08333333333333333,0.041666666666666664,0.0,0.16666666666666666
30510,0.0,0.6666666666666666,0.0,0.05555555555555555,0.0,0.05555555555555555,0.2222222222222222
30511,0.0,0.43333333333333335,0.03333333333333333,0.06666666666666667,0.16666666666666666,0.26666666666666666,0.03333333333333333
30512,0.047619047619047616,0.6666666666666666,0.0,0.047619047619047616,0.047619047619047616,0.047619047619047616,0.14285714285714285
30601,0.12,0.4266666666666667,0.10666666666666667,0.08,0.10666666666666667,0.13333333333333333,0.02666666666666667
30602,0.12280701754385964,0.41228070175438597,0.16666666666666666,0.19298245614035087,0.06140350877192982,0.0,0.043859649122807015
30603,0.09363295880149813,0.4101123595505618,0.06928838951310862,0.26779026217228463,0.0749063670411985,0.011235955056179775,0.07303370786516854
30604,0.14337568058076225,0.27586206896551724,0.132486388384755,0.2631578947368421,0.11252268602540835,0.021778584392014518,0.050816696914700546
30605,0.19659442724458204,0.3653250773993808,0.14396284829721362,0.1563467492260062,0.10061919504643962,0.01393188854489164,0.02321981424148607
30606,0.11518324607329843,0.5602094240837696,0.10471204188481675,0.1099476439790576,0.07853403141361257,0.010471204188481676,0.020942408376963352
30607,0.1685823754789272,0.3103448275862069,0.13409961685823754,0.24521072796934865,0.07279693486590039,0.03065134099616858,0.038314176245210725
30608,0.16824898868983737,0.14818789730042103,0.128044249979361,0.4049368447122926,0.10302980269132338,0.02113431850078428,0.026417898125980353
30609,0.049528301886792456,0.5943396226415094,0.125,0.12735849056603774,0.05660377358490566,0.02358490566037736,0.02358490566037736
30610,0.10091743119266056,0.3149847094801223,0.15902140672782875,0.22935779816513763,0.10091743119266056,0.06116207951070336,0.03363914373088685
30611,0.07272727272727272,0.38181818181818183,0.23636363636363636,0.18181818181818182,0.07272727272727272,0.05454545454545454,0.0
30701,0.05181347150259067,0.6373056994818653,0.06735751295336788,0.11398963730569948,0.07772020725388601,0.02072538860103627,0.031088082901554404
30702,0.14917127071823205,0.3259668508287293,0.09944751381215469,0.2541436464088398,0.11049723756906077,0.022099447513812154,0.03867403314917127
30703,0.14792899408284024,0.2958579881656805,0.11242603550295859,0.26627218934911245,0.09467455621301775,0.0650887573964497,0.01775147928994083
30704,0.14018691588785046,0.3878504672897196,0.08411214953271028,0.19626168224299065,0.102803738317757,0.028037383177570093,0.06074766355140187
30801,0.051440329218107,0.7386831275720165,0.03909465020576132,0.04938271604938271,0.06172839506172839,0.0205761316872428,0.03909465020576132
30802,0.22838452787258248,0.15728100113765642,0.1285551763367463,0.30659840728100113,0.12542662116040956,0.024459613196814563,0.029294653014789535
30803,0.1592920353982301,0.46017699115044247,0.084070796460177,0.1902654867256637,0.061946902654867256,0.022123893805309734,0.022123893805309734
30804,0.0,0.6842105263157895,0.0,0.0,0.0,0.05263157894736842,0.2631578947368421
30805,0.0,0.6666666666666666,0.0,0.1111111111111111,0.1111111111111111,0.1111111111111111,0.0
30806,0.0,0.7,0.1,0.1,0.1,0.0,0.0
30901,0.08421052631578947,0.43157894736842106,0.2,0.16842105263157894,0.05263157894736842,0.042105263157894736,0.021052631578947368
30902,0.06521739130434782,0.5,0.08695652173913043,0.15217391304347827,0.08695652173913043,0.0,0.10869565217391304
30903,0.16923076923076924,0.46153846153846156,0.07692307692307693,0.09230769230769231,0.12307692307692308,0.046153846153846156,0.03076923076923077
30904,0.08421052631578947,0.45263157894736844,0.031578947368421054,0.29473684210526313,0.12631578947368421,0.0,0.010526315789473684
30905,0.07766990291262135,0.5048543689320388,0.038834951456310676,0.21359223300970873,0.10679611650485436,0.02912621359223301,0.02912621359223301
30906,0.07228915662650602,0.5662650602409639,0.04819277108433735,0.0963855421686747,0.14457831325301204,0.03614457831325301,0.03614457831325301
30907,0.060240963855421686,0.6144578313253012,0.0,0.0963855421686747,0.024096385542168676,0.13253012048192772,0.07228915662650602
30908,0.03529411764705882,0.5176470588235295,0.047058823529411764,0.08235294117647059,0.16470588235294117,0.1411764705882353,0.011764705882352941
30909,0.08620689655172414,0.5689655172413793,0.14655172413793102,0.05172413793103448,0.11206896551724138,0.017241379310344827,0.017241379310344827
30910,0.125,0.5625,0.03125,0.125,0.09375,0.0,0.0625
30911,0.07547169811320754,0.7735849056603774,0.018867924528301886,0.03773584905660377,0.0,0.07547169811320754,0.018867924528301886
30912,0.07692307692307693,0.9230769230769231,0.0,0.0,0.0,0.0,0.0
30913,0.0,0.5,0.0,0.0,0.16666666666666666,0.0,0.3333333333333333
31001,0.07024793388429752,0.768595041322314,0.024793388429752067,0.03305785123966942,0.049586776859504134,0.02066115702479339,0.03305785123966942
31002,0.016,0.808,0.024,0.032,0.08,0.016,0.024
31003,0.0625,0.6125,0.0625,0.0125,0.1,0.025,0.125
